 11 6


 0.1618404317521239 0.23680280354090524 -0.060527483880884116 0.21311343737337549 -0.17082219610978616 -0.38040699267573436
 0.14305716303140167 0.21011751671795148 -0.040917182614942676 0.15574018776032381 -0.13796951603069696 -0.3300281688640373
 0.17328121866521282 0.25024542229918129 -0.041979729799191658 0.17755155312037371 -0.16103429627558621 -0.39806416800998989
 0.099695668963384956 0.15623679564863727 -0.066583003837898419 0.19251039778237125 -0.13237254024483833 -0.24948731831165674
 0.19257624813750338 0.31980824795396101 -0.12670021599745515 0.35166148568056332 -0.25033223944243643 -0.48701352633213613
 0.13222502416389628 0.21569530068110673 -0.081243224684048904 0.23312843774623898 -0.16749342238231085 -0.33231211552488227
 1 0 0 0 0 0
 0 1 0 0 0 0
 0 0 1 0 0 0
 0 0 0 1 0 0
 0 0 0 0 1 0


 6 5


 0.1618404317521239 0.23680280354090524 -0.060527483880884116 0.21311343737337549 -0.17082219610978616
 0.14305716303140167 0.21011751671795148 -0.040917182614942676 0.15574018776032381 -0.13796951603069696
 0.17328121866521282 0.25024542229918129 -0.041979729799191658 0.17755155312037371 -0.16103429627558621
 0.099695668963384956 0.15623679564863727 -0.066583003837898419 0.19251039778237125 -0.13237254024483833
 0.19257624813750338 0.31980824795396101 -0.12670021599745515 0.35166148568056332 -0.25033223944243643
 0.13222502416389628 0.21569530068110673 -0.081243224684048904 0.23312843774623898 -0.16749342238231085


6


 0.38040699267573436
 0.3300281688640373
 0.39806416800998989
 0.24948731831165674
 0.48701352633213613
 0.33231211552488227


