 21 6


 0.14993979517375 0.25150593166702007 0.083732272383663195 0.0061764480723648174 -0.12138650001283698 -0.36996794728396115
 0.079549734284723311 0.14995120375323093 0.057377898270426921 0.010470224469849314 -0.088920242949794906 -0.20842881782843559
 0.11621384594680809 0.17751178166703907 0.032520474226983433 -0.0028180559205705368 -0.045063287010073519 -0.27836475891018653
 0.20246628155599627 0.34457871945206342 0.10417612485070764 0.010411570057351327 -0.15548364032277065 -0.50614905559334811
 0.093300180624662568 0.17255744365461212 0.070807455041756007 0.011065350477976998 -0.10697639739921488 -0.24075403239979282
 0.14493059977360523 0.22858950941037795 0.051881861028214467 -0.0010062424501609709 -0.073931845936456519 -0.35046388182558014
 0.065248716070923821 0.1068069963397372 0.031373924435846544 0.0017473966217008831 -0.045248844793695953 -0.15992818867451247
 0.15697432505762304 0.24691888766763076 0.060840061138661257 -0.00085307153035170695 -0.085570196068611409 -0.37831000626495193
 0.076560444662430518 0.1384844608559046 0.058064308848926993 0.0069518658681566306 -0.086162931883031868 -0.19389814835238689
 0.10555674181759164 0.16477569894205818 0.043100882622351962 -0.00079938930235436806 -0.059556688017184618 -0.25307724606246279
 0.11879437877362083 0.22395779203480254 0.08951550319001271 0.01601387845876141 -0.13761758164243074 -0.31066397081476671
 0.13260693577383831 0.21906782801087046 0.052731318285822448 0.0044651477529975706 -0.079191530655753087 -0.32967969916777573
 0.072860292344288854 0.13423661547755805 0.050754609679297839 0.0079287260443458348 -0.077696744705601312 -0.18808349883988926
 0.079663988814854592 0.1332065511596161 0.043644977771147876 0.0024372103065625783 -0.063318260645965005 -0.19563446740621615
 0.091892293789654148 0.1593141230813942 0.049653297363774183 0.006026213209054913 -0.074870838660480332 -0.23201508878339711
 0.066317470681697688 0.10792791035373935 0.024768280389543516 0.001385878509567239 -0.036812287440671082 -0.16358725249387671
 1 0 0 0 0 0
 0 1 0 0 0 0
 0 0 1 0 0 0
 0 0 0 1 0 0
 0 0 0 0 1 0


 16 5


 0.14993979517375 0.25150593166702007 0.083732272383663195 0.0061764480723648174 -0.12138650001283698
 0.079549734284723311 0.14995120375323093 0.057377898270426921 0.010470224469849314 -0.088920242949794906
 0.11621384594680809 0.17751178166703907 0.032520474226983433 -0.0028180559205705368 -0.045063287010073519
 0.20246628155599627 0.34457871945206342 0.10417612485070764 0.010411570057351327 -0.15548364032277065
 0.093300180624662568 0.17255744365461212 0.070807455041756007 0.011065350477976998 -0.10697639739921488
 0.14493059977360523 0.22858950941037795 0.051881861028214467 -0.0010062424501609709 -0.073931845936456519
 0.065248716070923821 0.1068069963397372 0.031373924435846544 0.0017473966217008831 -0.045248844793695953
 0.15697432505762304 0.24691888766763076 0.060840061138661257 -0.00085307153035170695 -0.085570196068611409
 0.076560444662430518 0.1384844608559046 0.058064308848926993 0.0069518658681566306 -0.086162931883031868
 0.10555674181759164 0.16477569894205818 0.043100882622351962 -0.00079938930235436806 -0.059556688017184618
 0.11879437877362083 0.22395779203480254 0.08951550319001271 0.01601387845876141 -0.13761758164243074
 0.13260693577383831 0.21906782801087046 0.052731318285822448 0.0044651477529975706 -0.079191530655753087
 0.072860292344288854 0.13423661547755805 0.050754609679297839 0.0079287260443458348 -0.077696744705601312
 0.079663988814854592 0.1332065511596161 0.043644977771147876 0.0024372103065625783 -0.063318260645965005
 0.091892293789654148 0.1593141230813942 0.049653297363774183 0.006026213209054913 -0.074870838660480332
 0.066317470681697688 0.10792791035373935 0.024768280389543516 0.001385878509567239 -0.036812287440671082


16


 0.36996794728396115
 0.20842881782843559
 0.27836475891018653
 0.50614905559334811
 0.24075403239979282
 0.35046388182558014
 0.15992818867451247
 0.37831000626495193
 0.19389814835238689
 0.25307724606246279
 0.31066397081476671
 0.32967969916777573
 0.18808349883988926
 0.19563446740621615
 0.23201508878339711
 0.16358725249387671


