 13 7


 0.099816909474197538 -0.15194913259922774 -0.12012302859642926 -0.067495054284615066 0.061836128522379172 -0.17238402736179448 0.35029820484548985
 0.19439425097443805 -0.15912208016329449 -0.19949241917710606 -0.081858804142871819 0.15732367810310149 -0.20175432988289269 0.29050970428862555
 0.13162644556580097 -0.12835467636591832 -0.13150876292674238 -0.061933579802258082 0.096720480701246808 -0.14549711249226641 0.23894720532013741
 0.2053331815665719 -0.19292000382869343 -0.21332514866478838 -0.095121663904791404 0.15813417949240535 -0.23269190934575404 0.37059136468505
 0.13927556492650528 -0.16949093716667496 -0.15547726032621584 -0.078475027273120015 0.096314012612102914 -0.19701485158531029 0.36486849881271288
 0.19868852881103924 -0.21248331805621151 -0.21362293014136535 -0.10130300710519802 0.1452778907617939 -0.25139245704628399 0.43483529277622579
 0.1572716654945959 -0.096944923195716418 -0.15772230491891587 -0.054816429688336499 0.1366673142273572 -0.13730331603526055 0.15284799411627625
 1 0 0 0 0 0 0
 0 1 0 0 0 0 0
 0 0 1 0 0 0 0
 0 0 0 1 0 0 0
 0 0 0 0 1 0 0
 0 0 0 0 0 1 0


 7 6


 0.099816909474197538 -0.15194913259922774 -0.12012302859642926 -0.067495054284615066 0.061836128522379172 -0.17238402736179448
 0.19439425097443805 -0.15912208016329449 -0.19949241917710606 -0.081858804142871819 0.15732367810310149 -0.20175432988289269
 0.13162644556580097 -0.12835467636591832 -0.13150876292674238 -0.061933579802258082 0.096720480701246808 -0.14549711249226641
 0.2053331815665719 -0.19292000382869343 -0.21332514866478838 -0.095121663904791404 0.15813417949240535 -0.23269190934575404
 0.13927556492650528 -0.16949093716667496 -0.15547726032621584 -0.078475027273120015 0.096314012612102914 -0.19701485158531029
 0.19868852881103924 -0.21248331805621151 -0.21362293014136535 -0.10130300710519802 0.1452778907617939 -0.25139245704628399
 0.1572716654945959 -0.096944923195716418 -0.15772230491891587 -0.054816429688336499 0.1366673142273572 -0.13730331603526055


7


 -0.35029820484548985
 -0.29050970428862555
 -0.23894720532013741
 -0.37059136468505
 -0.36486849881271288
 -0.43483529277622579
 -0.15284799411627625


