 14 7


 0.12237763630895011 -0.255168025054825 -0.039959184336804315 -0.032672308171425218 0.069956896710496347 -0.085446974350436217 0.2209119588940443
 0.15553692734131111 -0.38069669813329665 -0.094562097773245729 -0.024048793630895144 0.11964688437400056 -0.18197837747480572 0.40610215529693156
 0.10413387809124337 -0.28872916571637891 -0.094394845759862595 -0.0058419197113358376 0.099385766501601747 -0.1712563176017157 0.35670260419644795
 0.071023833253938407 -0.22183366094428644 -0.075316369652615289 0.0035591134641852176 0.078785033531082876 -0.13806711080228923 0.28184916114998448
 0.12256848966915096 -0.27047633783446701 -0.060250481993021028 -0.02789597900368905 0.080793967117823218 -0.11622234564348077 0.27148268768768369
 0.13244712453400576 -0.28446581414085825 -0.052583862990063575 -0.032299524900867967 0.081732464526324572 -0.10785249451175938 0.26302210748321886
 0.14761296577109737 -0.31300192172288072 -0.058419755238407658 -0.037524550216929506 0.089242445561752301 -0.11807202829215163 0.29016284413751986
 0.092530639445672205 -0.22227859500164501 -0.064551076231989413 -0.014733814442208337 0.073183794188997897 -0.11878240900067048 0.25463146104184314
 1 0 0 0 0 0 0
 0 1 0 0 0 0 0
 0 0 1 0 0 0 0
 0 0 0 1 0 0 0
 0 0 0 0 1 0 0
 0 0 0 0 0 1 0


 8 6


 0.12237763630895011 -0.255168025054825 -0.039959184336804315 -0.032672308171425218 0.069956896710496347 -0.085446974350436217
 0.15553692734131111 -0.38069669813329665 -0.094562097773245729 -0.024048793630895144 0.11964688437400056 -0.18197837747480572
 0.10413387809124337 -0.28872916571637891 -0.094394845759862595 -0.0058419197113358376 0.099385766501601747 -0.1712563176017157
 0.071023833253938407 -0.22183366094428644 -0.075316369652615289 0.0035591134641852176 0.078785033531082876 -0.13806711080228923
 0.12256848966915096 -0.27047633783446701 -0.060250481993021028 -0.02789597900368905 0.080793967117823218 -0.11622234564348077
 0.13244712453400576 -0.28446581414085825 -0.052583862990063575 -0.032299524900867967 0.081732464526324572 -0.10785249451175938
 0.14761296577109737 -0.31300192172288072 -0.058419755238407658 -0.037524550216929506 0.089242445561752301 -0.11807202829215163
 0.092530639445672205 -0.22227859500164501 -0.064551076231989413 -0.014733814442208337 0.073183794188997897 -0.11878240900067048


8


 -0.2209119588940443
 -0.40610215529693156
 -0.35670260419644795
 -0.28184916114998448
 -0.27148268768768369
 -0.26302210748321886
 -0.29016284413751986
 -0.25463146104184314


