 15 7


 0.16927305833548739 -0.062721602980655891 0.17175194746380279 0.16727076788667622 0.063678378765927288 0.25197743119246307 -0.76122998066370084
 0.18921690275100286 -0.048595790477632753 0.16916839869207026 0.16780187152427523 0.089511293722148014 0.25751143920872577 -0.82461411542058938
 0.14027172058523088 -0.018584507036238557 0.11251970065397235 0.11169861237771325 0.084625725872260346 0.17268871511753933 -0.60321996757047758
 0.090695363109788152 -0.011553717841697378 0.067495061585749333 0.068589844124030824 0.052396941633626279 0.1107401640536151 -0.37836365666511229
 0.15805212907673946 -0.065543916266938534 0.15971524764043249 0.15720659509734131 0.049046690208362595 0.24187541815654706 -0.70035216391248434
 0.055957088463395289 -0.022569188416984892 0.061738227169345676 0.059382960816014317 0.021054223841593056 0.08532078359819667 -0.26088409547156011
 0.14018678263407852 -0.04971398659601392 0.14293050916068936 0.13881420355814822 0.056332073214592694 0.20617746007540547 -0.63472704204690034
 0.20946274089090489 -0.028635429624625137 0.16201849119312484 0.16401798818689287 0.121514289621378 0.25703839962942837 -0.88541647989710381
 0.13305616694523775 -0.072988369225591043 0.1600727724311419 0.15343164799210479 0.029632635638127219 0.22379426086215692 -0.62699911464317759
 1 0 0 0 0 0 0
 0 1 0 0 0 0 0
 0 0 1 0 0 0 0
 0 0 0 1 0 0 0
 0 0 0 0 1 0 0
 0 0 0 0 0 1 0


 9 6


 0.16927305833548739 -0.062721602980655891 0.17175194746380279 0.16727076788667622 0.063678378765927288 0.25197743119246307
 0.18921690275100286 -0.048595790477632753 0.16916839869207026 0.16780187152427523 0.089511293722148014 0.25751143920872577
 0.14027172058523088 -0.018584507036238557 0.11251970065397235 0.11169861237771325 0.084625725872260346 0.17268871511753933
 0.090695363109788152 -0.011553717841697378 0.067495061585749333 0.068589844124030824 0.052396941633626279 0.1107401640536151
 0.15805212907673946 -0.065543916266938534 0.15971524764043249 0.15720659509734131 0.049046690208362595 0.24187541815654706
 0.055957088463395289 -0.022569188416984892 0.061738227169345676 0.059382960816014317 0.021054223841593056 0.08532078359819667
 0.14018678263407852 -0.04971398659601392 0.14293050916068936 0.13881420355814822 0.056332073214592694 0.20617746007540547
 0.20946274089090489 -0.028635429624625137 0.16201849119312484 0.16401798818689287 0.121514289621378 0.25703839962942837
 0.13305616694523775 -0.072988369225591043 0.1600727724311419 0.15343164799210479 0.029632635638127219 0.22379426086215692


9


 0.76122998066370084
 0.82461411542058938
 0.60321996757047758
 0.37836365666511229
 0.70035216391248434
 0.26088409547156011
 0.63472704204690034
 0.88541647989710381
 0.62699911464317759


