 26 7


 0.084165998379386042 0.097491431709223364 -0.060200258529568305 0.01426619849808081 0.085757695054848607 -0.11293313666925647 -0.10854792844271403
 0.062114156141093113 0.10115547346341404 -0.081833439145602649 0.038115532412315842 0.070467859241938186 -0.089502201719021096 -0.10051738039413743
 0.098550440746184534 0.11663694138958297 -0.073280451507366381 0.022433283514007741 0.099373023433499685 -0.13210932321848959 -0.13160391435741897
 0.11564625135113341 0.13841217076338633 -0.088136362764689974 0.024772130576607255 0.11812347551150983 -0.15553230788918096 -0.15328535754876588
 0.079931725553081173 0.12892919821547458 -0.10406229057443002 0.047315175451261453 0.091175046408544277 -0.11560604939417785 -0.12768280565975365
 0.1133148750368984 0.11892415038333873 -0.064466452948597139 0.013931630047807547 0.10917045971593274 -0.14795631029822381 -0.14291835193715646
 0.084341953846471765 0.12736833904681266 -0.099000886112323633 0.039218589917050323 0.095332298762357048 -0.12065723648710558 -0.12660305897326257
 0.11383825855350166 0.1353843243594795 -0.085730305566200593 0.024213385195768357 0.11600275604575463 -0.15301517560843217 -0.15069324297987138
 0.049283826023346487 0.073456991139184094 -0.056802558635479901 0.020847576323800427 0.056194196982232207 -0.070808828818360939 -0.072171203014722379
 0.082536597421378269 0.11799862686133863 -0.08842638522208511 0.033222770358321087 0.091444947326798462 -0.11686295220836695 -0.11991360453738438
 0.074828278960617375 0.065731210108195867 -0.026044386724146162 -0.0031232333350736338 0.068791851286613442 -0.094794956792384075 -0.085388763503822809
 0.049219674966034785 0.076109424808892379 -0.059788119628830953 0.027439102236955625 0.054729437421473334 -0.07021515108783187 -0.077494368716693296
 0.11032227840648785 0.11431352817611186 -0.060122150002709686 0.015002612500847714 0.10372018510401911 -0.14225689249373188 -0.14097956169102493
 0.086274022000562056 0.097710215493452351 -0.058351316263397943 0.0166314124944557 0.085309978168845266 -0.11447913831869393 -0.1130951735752235
 0.098408229869842379 0.12560177100750813 -0.085651656716823038 0.02609686506399559 0.10429039792253664 -0.13522242500168041 -0.13352318214537928
 0.11205182422161188 0.12588059747162969 -0.074799298476527387 0.018186639627768592 0.11177301892683598 -0.14888167827050608 -0.14421110350081268
 0.10813911892332949 0.11564827060896207 -0.064375323114597885 0.011721856867049333 0.10589321675786952 -0.14174278127075057 -0.13528435877186196
 0.085777698619113871 0.10507183517672421 -0.069232472265341863 0.016412790122801214 0.090847825603524612 -0.11735810698556831 -0.11151957027125373
 0.06561078755336458 0.096697130758913036 -0.074061122720662162 0.028256140080616731 0.07375385654238259 -0.093537720495134577 -0.096719071719480201
 0.097375945161657096 0.11096929142573196 -0.066441764807998835 0.020607633248038975 0.095535237903830644 -0.12866506392973234 -0.12938127900152752
 1 0 0 0 0 0 0
 0 1 0 0 0 0 0
 0 0 1 0 0 0 0
 0 0 0 1 0 0 0
 0 0 0 0 1 0 0
 0 0 0 0 0 1 0


 20 6


 0.084165998379386042 0.097491431709223364 -0.060200258529568305 0.01426619849808081 0.085757695054848607 -0.11293313666925647
 0.062114156141093113 0.10115547346341404 -0.081833439145602649 0.038115532412315842 0.070467859241938186 -0.089502201719021096
 0.098550440746184534 0.11663694138958297 -0.073280451507366381 0.022433283514007741 0.099373023433499685 -0.13210932321848959
 0.11564625135113341 0.13841217076338633 -0.088136362764689974 0.024772130576607255 0.11812347551150983 -0.15553230788918096
 0.079931725553081173 0.12892919821547458 -0.10406229057443002 0.047315175451261453 0.091175046408544277 -0.11560604939417785
 0.1133148750368984 0.11892415038333873 -0.064466452948597139 0.013931630047807547 0.10917045971593274 -0.14795631029822381
 0.084341953846471765 0.12736833904681266 -0.099000886112323633 0.039218589917050323 0.095332298762357048 -0.12065723648710558
 0.11383825855350166 0.1353843243594795 -0.085730305566200593 0.024213385195768357 0.11600275604575463 -0.15301517560843217
 0.049283826023346487 0.073456991139184094 -0.056802558635479901 0.020847576323800427 0.056194196982232207 -0.070808828818360939
 0.082536597421378269 0.11799862686133863 -0.08842638522208511 0.033222770358321087 0.091444947326798462 -0.11686295220836695
 0.074828278960617375 0.065731210108195867 -0.026044386724146162 -0.0031232333350736338 0.068791851286613442 -0.094794956792384075
 0.049219674966034785 0.076109424808892379 -0.059788119628830953 0.027439102236955625 0.054729437421473334 -0.07021515108783187
 0.11032227840648785 0.11431352817611186 -0.060122150002709686 0.015002612500847714 0.10372018510401911 -0.14225689249373188
 0.086274022000562056 0.097710215493452351 -0.058351316263397943 0.0166314124944557 0.085309978168845266 -0.11447913831869393
 0.098408229869842379 0.12560177100750813 -0.085651656716823038 0.02609686506399559 0.10429039792253664 -0.13522242500168041
 0.11205182422161188 0.12588059747162969 -0.074799298476527387 0.018186639627768592 0.11177301892683598 -0.14888167827050608
 0.10813911892332949 0.11564827060896207 -0.064375323114597885 0.011721856867049333 0.10589321675786952 -0.14174278127075057
 0.085777698619113871 0.10507183517672421 -0.069232472265341863 0.016412790122801214 0.090847825603524612 -0.11735810698556831
 0.06561078755336458 0.096697130758913036 -0.074061122720662162 0.028256140080616731 0.07375385654238259 -0.093537720495134577
 0.097375945161657096 0.11096929142573196 -0.066441764807998835 0.020607633248038975 0.095535237903830644 -0.12866506392973234


20


 0.10854792844271403
 0.10051738039413743
 0.13160391435741897
 0.15328535754876588
 0.12768280565975365
 0.14291835193715646
 0.12660305897326257
 0.15069324297987138
 0.072171203014722379
 0.11991360453738438
 0.085388763503822809
 0.077494368716693296
 0.14097956169102493
 0.1130951735752235
 0.13352318214537928
 0.14421110350081268
 0.13528435877186196
 0.11151957027125373
 0.096719071719480201
 0.12938127900152752


