 16 8


 0.10452398261774511 0.079575775149244091 -0.019890736529157304 0.12008545156286143 0.24700276822341419 -0.082873664966531077 0.16898619131217515 -0.61740976736975162
 0.089846298733500404 0.079451767318602595 -0.020370070869540537 0.098558982733303241 0.228729377187881 -0.078863811423144595 0.15737508211318332 -0.55472762579378543
 0.10784312906019108 0.054328403124009793 -0.012274553935640109 0.13547295577033286 0.21961455404832314 -0.06562143427006023 0.15099843861986592 -0.59036149241702252
 0.099120302724477957 0.067702743921933178 -0.019301408697095818 0.11951738855741414 0.23990261433248322 -0.073333376369511261 0.16872281623580551 -0.60233108070550689
 0.082399341392013617 0.076887077999202705 -0.021370910439660027 0.090059263848405346 0.219678664817505 -0.075760910025145192 0.15164273444516455 -0.52353526203748602
 0.089933646969327333 0.100017440074569 -0.029161186312865867 0.092532666672293609 0.26859681427878135 -0.094155806027951552 0.18760538927347215 -0.61536896492762605
 0.057062283731187033 0.081227804150897198 -0.023339539159633028 0.050993776312521222 0.18966475037791949 -0.072590669189672427 0.13054843662513144 -0.41356684284835094
 0.04854968546125963 0.077148601401365813 -0.022751881001835304 0.040470601410093225 0.17440179633729549 -0.06756679690998528 0.12057972844448112 -0.3708317351426747
 0.13066220321527863 0.073608457967196672 -0.017452120292397278 0.16094975039270065 0.27971431405535641 -0.084648800790331033 0.19375627051749339 -0.73659007506529739
 1 0 0 0 0 0 0 0
 0 1 0 0 0 0 0 0
 0 0 1 0 0 0 0 0
 0 0 0 1 0 0 0 0
 0 0 0 0 1 0 0 0
 0 0 0 0 0 1 0 0
 0 0 0 0 0 0 1 0


 9 7


 0.10452398261774511 0.079575775149244091 -0.019890736529157304 0.12008545156286143 0.24700276822341419 -0.082873664966531077 0.16898619131217515
 0.089846298733500404 0.079451767318602595 -0.020370070869540537 0.098558982733303241 0.228729377187881 -0.078863811423144595 0.15737508211318332
 0.10784312906019108 0.054328403124009793 -0.012274553935640109 0.13547295577033286 0.21961455404832314 -0.06562143427006023 0.15099843861986592
 0.099120302724477957 0.067702743921933178 -0.019301408697095818 0.11951738855741414 0.23990261433248322 -0.073333376369511261 0.16872281623580551
 0.082399341392013617 0.076887077999202705 -0.021370910439660027 0.090059263848405346 0.219678664817505 -0.075760910025145192 0.15164273444516455
 0.089933646969327333 0.100017440074569 -0.029161186312865867 0.092532666672293609 0.26859681427878135 -0.094155806027951552 0.18760538927347215
 0.057062283731187033 0.081227804150897198 -0.023339539159633028 0.050993776312521222 0.18966475037791949 -0.072590669189672427 0.13054843662513144
 0.04854968546125963 0.077148601401365813 -0.022751881001835304 0.040470601410093225 0.17440179633729549 -0.06756679690998528 0.12057972844448112
 0.13066220321527863 0.073608457967196672 -0.017452120292397278 0.16094975039270065 0.27971431405535641 -0.084648800790331033 0.19375627051749339


9


 0.61740976736975162
 0.55472762579378543
 0.59036149241702252
 0.60233108070550689
 0.52353526203748602
 0.61536896492762605
 0.41356684284835094
 0.3708317351426747
 0.73659007506529739


