 20 9


 0.12961239320524018 0.11725029596500985 -0.048115402708275454 -0.025676743430522401 -0.04585753153856411 -0.018390119415759732 0.044978369953921203 -0.2209619175175441 0.067160655486494553
 0.078635348359317028 0.070144246067003438 -0.051514883415568702 -0.032634722582449767 -0.058142302479960842 -0.030934856449573687 0.034680790535059784 -0.15092835968719873 0.14069473965337148
 0.14158643383747144 0.12997679875341137 -0.028678001823724476 -0.010378377668573012 -0.018342162679526444 0.0029109156342141587 0.040238474554600417 -0.22478463358049544 -0.032529447027378033
 0.13401621715297421 0.12240383208757334 -0.03622313918564754 -0.016604976493722355 -0.029486774214764273 -0.0058172973674302875 0.041364803094461326 -0.2194296500020308 0.009776984928586363
 0.13882069707322409 0.12575045270496019 -0.018952919121219457 -0.0020047282511620858 -0.0040987986418407852 0.0068952297650709217 0.038477742279307364 -0.20848226149221816 -0.07640541431612205
 0.1504957376058482 0.13806528983274069 -0.038296921618965495 -0.017234764336579261 -0.030391974326713346 -0.0031260471750757944 0.044979412504657236 -0.24485601906262058 0.0003652865767083957
 0.056977327840567672 0.052581411370560098 -0.033388415442697661 -0.021654151641741563 -0.037971204106152685 -0.015640946252012788 0.022098201493305335 -0.10973535801675742 0.086733134754929025
 0.15855354778573022 0.14406454613177247 -0.028013403508333611 -0.0075965248597015256 -0.013955899282765886 0.0038822905648090672 0.045235925588915593 -0.24373849190538047 -0.058431990515045856
 0.15574646521775909 0.13951358062140315 -0.041534610473559115 -0.017247254154837122 -0.031486617630627045 -0.011871272282525453 0.050755179030705505 -0.24868522117438965 0.0048097508460706317
 0.12622682709944244 0.11562532044422746 -0.052348761496837426 -0.030250678811405664 -0.053329658132318346 -0.019379333557712951 0.043838174187963104 -0.22322307653995938 0.092841186806600778
 0.15365037551572303 0.14032653728025551 -0.047941333370993836 -0.024058411124707448 -0.042733416477852955 -0.011766997648204311 0.049288040041967462 -0.25675772977969469 0.039992935563507248
 0.11633720787063737 0.10676637780774191 -0.043370671374701866 -0.02416321409559348 -0.042521795139392554 -0.013562521446599545 0.038780696906184915 -0.20204442576380358 0.063778345235526862
 1 0 0 0 0 0 0 0 0
 0 1 0 0 0 0 0 0 0
 0 0 1 0 0 0 0 0 0
 0 0 0 1 0 0 0 0 0
 0 0 0 0 1 0 0 0 0
 0 0 0 0 0 1 0 0 0
 0 0 0 0 0 0 1 0 0
 0 0 0 0 0 0 0 1 0


 12 8


 0.12961239320524018 0.11725029596500985 -0.048115402708275454 -0.025676743430522401 -0.04585753153856411 -0.018390119415759732 0.044978369953921203 -0.2209619175175441
 0.078635348359317028 0.070144246067003438 -0.051514883415568702 -0.032634722582449767 -0.058142302479960842 -0.030934856449573687 0.034680790535059784 -0.15092835968719873
 0.14158643383747144 0.12997679875341137 -0.028678001823724476 -0.010378377668573012 -0.018342162679526444 0.0029109156342141587 0.040238474554600417 -0.22478463358049544
 0.13401621715297421 0.12240383208757334 -0.03622313918564754 -0.016604976493722355 -0.029486774214764273 -0.0058172973674302875 0.041364803094461326 -0.2194296500020308
 0.13882069707322409 0.12575045270496019 -0.018952919121219457 -0.0020047282511620858 -0.0040987986418407852 0.0068952297650709217 0.038477742279307364 -0.20848226149221816
 0.1504957376058482 0.13806528983274069 -0.038296921618965495 -0.017234764336579261 -0.030391974326713346 -0.0031260471750757944 0.044979412504657236 -0.24485601906262058
 0.056977327840567672 0.052581411370560098 -0.033388415442697661 -0.021654151641741563 -0.037971204106152685 -0.015640946252012788 0.022098201493305335 -0.10973535801675742
 0.15855354778573022 0.14406454613177247 -0.028013403508333611 -0.0075965248597015256 -0.013955899282765886 0.0038822905648090672 0.045235925588915593 -0.24373849190538047
 0.15574646521775909 0.13951358062140315 -0.041534610473559115 -0.017247254154837122 -0.031486617630627045 -0.011871272282525453 0.050755179030705505 -0.24868522117438965
 0.12622682709944244 0.11562532044422746 -0.052348761496837426 -0.030250678811405664 -0.053329658132318346 -0.019379333557712951 0.043838174187963104 -0.22322307653995938
 0.15365037551572303 0.14032653728025551 -0.047941333370993836 -0.024058411124707448 -0.042733416477852955 -0.011766997648204311 0.049288040041967462 -0.25675772977969469
 0.11633720787063737 0.10676637780774191 -0.043370671374701866 -0.02416321409559348 -0.042521795139392554 -0.013562521446599545 0.038780696906184915 -0.20204442576380358


12


 -0.067160655486494553
 -0.14069473965337148
 0.032529447027378033
 -0.009776984928586363
 0.07640541431612205
 -0.0003652865767083957
 -0.086733134754929025
 0.058431990515045856
 -0.0048097508460706317
 -0.092841186806600778
 -0.039992935563507248
 -0.063778345235526862


