 22 11


 0.067598364863864516 -0.049924262856126285 -0.073006221076673011 -0.13695041912233091 -0.051924569163290052 -0.057306887643386775 0.014280895663893177 -0.0066223864690698837 -0.089859868353271422 0.083196224964262364 0.30051912919212825
 0.077428040108672769 -0.062800865730668551 -0.095206934613892458 -0.15772829272483965 -0.062052098842150044 -0.058809325962668191 0.017190055351739019 -0.0030374267410713677 -0.1044700482498918 0.10494576982281771 0.34454112758195254
 0.10272590757662335 -0.089012557128871184 -0.13334262281580697 -0.22367647978528479 -0.080004300212150853 -0.078371194521296053 0.021152242417108554 -0.00040160369810447798 -0.14651129192029941 0.14192509861474542 0.48551680147333642
 0.083754538034509621 -0.074084158119637547 -0.11117474549910142 -0.1838461416932145 -0.06609482776400806 -0.063083824804088293 0.017545291840769375 0.00096498713013324906 -0.12040423682785147 0.11805505916385435 0.39836805853863466
 0.072948915477760515 -0.047197821742510929 -0.067499059585464399 -0.14028988370260873 -0.054726151009855104 -0.06613029168080066 0.015325124289868517 -0.012227605939895544 -0.092136770431270054 0.08129386443081478 0.31063967989396163
 0.065883864785695218 -0.055522826026757399 -0.082000528615499529 -0.14346905286102934 -0.051135204406980446 -0.052640707751457752 0.013601265136585574 -0.0013704628132514985 -0.093587255244019396 0.088580079479002719 0.31166082831771186
 0.095789456518636587 -0.045545850524049906 -0.061123969041644508 -0.16376622864109203 -0.070322342418941725 -0.096931700813787977 0.020731912408598931 -0.028259534390512681 -0.10816768094995123 0.087672298033560289 0.3699236398191843
 0.091239389098786441 -0.082278602002035919 -0.12200752548054837 -0.20704150611170002 -0.070630104817952677 -0.070451093330739276 0.018284778944837127 0.0019409150825729804 -0.1346115166509553 0.12804187404991815 0.44751339121781691
 0.13153697749041035 -0.068426121329092787 -0.093931418051108523 0.23193240529755266 -0.096995874930911066 -0.12923999750581749 0.028193243891891824 -0.034513580539241875 -0.15304570375336693 0.12729144168657613 0.521063438338213
 0.075973345212762916 -0.043143721700438106 -0.060241573329850771 -0.13859819079884761 -0.056348008959273943 -0.072523688169721781 0.016140868032185295 -0.017270239023482199 -0.091302355660891135 0.077723066089398274 0.30959049830815905
 0.068434230487014205 -0.060916342579829252 -0.092534411054434662 -0.14749838184913824 -0.055403701631843862 -0.049697153412344666 0.015006938109268897 0.0013823134937154631 -0.097148559729075337 0.098663248242780319 0.31971181992388709
 0.084645997625398733 -0.05264487568748176 -0.074134701853327545 -0.16132827534452007 -0.063498630061610717 -0.079026761820768385 0.01794886067836966 -0.015694583472845889 -0.10576455744820583 0.091652781752260118 0.35784474563273161
 1 0 0 0 0 0 0 0 0 0 0
 0 1 0 0 0 0 0 0 0 0 0
 0 0 1 0 0 0 0 0 0 0 0
 0 0 0 1 0 0 0 0 0 0 0
 0 0 0 0 1 0 0 0 0 0 0
 0 0 0 0 0 1 0 0 0 0 0
 0 0 0 0 0 0 1 0 0 0 0
 0 0 0 0 0 0 0 1 0 0 0
 0 0 0 0 0 0 0 0 1 0 0
 0 0 0 0 0 0 0 0 0 1 0


 12 10


 0.067598364863864516 -0.049924262856126285 -0.073006221076673011 -0.13695041912233091 -0.051924569163290052 -0.057306887643386775 0.014280895663893177 -0.0066223864690698837 -0.089859868353271422 0.083196224964262364
 0.077428040108672769 -0.062800865730668551 -0.095206934613892458 -0.15772829272483965 -0.062052098842150044 -0.058809325962668191 0.017190055351739019 -0.0030374267410713677 -0.1044700482498918 0.10494576982281771
 0.10272590757662335 -0.089012557128871184 -0.13334262281580697 -0.22367647978528479 -0.080004300212150853 -0.078371194521296053 0.021152242417108554 -0.00040160369810447798 -0.14651129192029941 0.14192509861474542
 0.083754538034509621 -0.074084158119637547 -0.11117474549910142 -0.1838461416932145 -0.06609482776400806 -0.063083824804088293 0.017545291840769375 0.00096498713013324906 -0.12040423682785147 0.11805505916385435
 0.072948915477760515 -0.047197821742510929 -0.067499059585464399 -0.14028988370260873 -0.054726151009855104 -0.06613029168080066 0.015325124289868517 -0.012227605939895544 -0.092136770431270054 0.08129386443081478
 0.065883864785695218 -0.055522826026757399 -0.082000528615499529 -0.14346905286102934 -0.051135204406980446 -0.052640707751457752 0.013601265136585574 -0.0013704628132514985 -0.093587255244019396 0.088580079479002719
 0.095789456518636587 -0.045545850524049906 -0.061123969041644508 -0.16376622864109203 -0.070322342418941725 -0.096931700813787977 0.020731912408598931 -0.028259534390512681 -0.10816768094995123 0.087672298033560289
 0.091239389098786441 -0.082278602002035919 -0.12200752548054837 -0.20704150611170002 -0.070630104817952677 -0.070451093330739276 0.018284778944837127 0.0019409150825729804 -0.1346115166509553 0.12804187404991815
 0.13153697749041035 -0.068426121329092787 -0.093931418051108523 -0.23193240529755266 -0.096995874930911066 -0.12923999750581749 0.028193243891891824 -0.034513580539241875 -0.15304570375336693 0.12729144168657613
 0.075973345212762916 -0.043143721700438106 -0.060241573329850771 -0.13859819079884761 -0.056348008959273943 -0.072523688169721781 0.016140868032185295 -0.017270239023482199 -0.091302355660891135 0.077723066089398274
 0.068434230487014205 -0.060916342579829252 -0.092534411054434662 -0.14749838184913824 -0.055403701631843862 -0.049697153412344666 0.015006938109268897 0.0013823134937154631 -0.097148559729075337 0.098663248242780319
 0.084645997625398733 -0.05264487568748176 -0.074134701853327545 -0.16132827534452007 -0.063498630061610717 -0.079026761820768385 0.01794886067836966 -0.015694583472845889 -0.10576455744820583 0.091652781752260118


12


 -0.30051912919212825
 -0.34454112758195254
 -0.48551680147333642
 -0.39836805853863466
 -0.31063967989396163
 -0.31166082831771186
 -0.3699236398191843
 -0.44751339121781691
 -0.521063438338213
 -0.30959049830815905
 -0.31971181992388709
 -0.35784474563273161


