 42 15


 0.027700192188310935 -0.010165087427864761 -0.023711860025377417 -0.030950874380293033 -0.057894431161780689 -0.023501284607492665 -0.086572251378096723 0.12321038950272066 0.015031226676544685 -0.0042814883785765546 -0.0090344010564669709 -0.02160029021064664 -0.021764197599262434 -0.0047858392036107377 0.12832019706189235
 0.057061780549434234 0.018984325519195135 -0.050326029846722291 -0.060915306365326299 -0.058105762832902745 -0.05444662871682128 -0.10259054849555968 0.14800019961040572 0.036288394187712271 -0.0038011111547110424 -0.046850153880772218 -0.013979614752807687 -0.028144959487009517 -0.00079738454703331496 0.15962280021291872
 0.050966376176794295 0.018366151470097732 -0.042280188981634055 -0.05129270785044613 -0.048937690404128292 -0.048630208190295378 -0.087459171666223454 0.12978638056562009 0.032353357455571281 -0.0032278093272278779 -0.040355906840440596 -0.014229042528817352 -0.02232467727250623 0.0011396473377371854 0.12612549005589876
 0.050447695036320642 0.016833411643648769 -0.042604417511462794 -0.051726634623942641 -0.050739945123203158 -0.048004976858873089 -0.08952161255350026 0.13164486476527509 0.031913353517816337 -0.0033405879631209457 -0.039653004119691325 -0.014323400617955151 -0.02328758584469838 0.00041725786242525749 0.13194558239096166
 0.020354967491528483 -0.0034253737965166124 -0.017651479356507814 -0.022541267732856043 -0.036380394707307945 -0.01789592638024003 -0.055995720888412169 0.079802437054764544 0.011589157773617397 -0.0026332891153603038 -0.009562914027130047 -0.012713797779072665 -0.014364973213463675 -0.0026360090789782149 0.084054583755935094
 0.043304647026750444 0.0068172293533977583 -0.037821488149205079 -0.046665384037421091 -0.05564522136803788 -0.04012671128538485 -0.092159261237660703 0.13238129364286449 0.026541704630844976 -0.0038632899681835323 -0.030145606142007429 -0.016451710039881471 -0.024460418244087349 -0.0023077945618450234 0.14060201037985673
 0.053902720702659626 0.011448471419252882 -0.045983122595337766 -0.05656012037161557 -0.064499451614267636 -0.050394772313748351 -0.10856042832411333 0.15775807110487169 0.033266621709695667 -0.0043846753838108201 -0.038431113306264274 -0.019580786991679172 -0.028226409998988296 -0.0014567884918183028 0.16170178445516364
 0.055877378187870974 0.018959034548130888 -0.049429713734485375 -0.059791193480772137 -0.056638294712623785 -0.053586360967809429 -0.10008039568109606 0.14438326020023637 0.035485593628892531 -0.003550710952636882 -0.046044450912131184 -0.013543810362686641 -0.027506046857387827 -0.00061121112797342413 0.15607692222447195
 0.023669052549131358 -0.0061405049747923317 -0.02078614479909606 -0.026728156122884782 -0.045674562626823803 -0.020486016330673571 -0.069342252459145048 0.098281988173121768 0.01323066698498811 -0.0033396287598615486 -0.0099021891796156909 -0.016059084587859693 -0.017873542528842146 -0.0037489854897695693 0.10489936015212299
 0.023729001249423617 0.0021666577522067667 -0.019319314089229354 -0.024199912845391226 -0.032450136275893736 -0.021603823461575793 -0.052707401331428712 0.077264904232951973 0.014232386088748498 -0.0023489094716601759 -0.014245130811562819 -0.011542247030792227 -0.012971561585912034 -0.00090991953783530052 0.074905407117950532
 0.029618906705699138 0.0017789175334973037 -0.026564864614514832 -0.033028633722921447 -0.042691090153504377 -0.027050384418873866 -0.068952060608064594 0.097751122221754846 0.017853150383503335 -0.0030238198018022406 -0.01937262998311455 -0.012578106264545971 -0.018609100238205306 -0.0027247137492339849 0.10759330671032653
 0.041312037253000741 0.0015868798072976682 -0.034362295282777927 -0.04315765751081637 -0.060042292351217663 -0.037321481434726231 -0.096284431997410783 0.13984253447425662 0.024573700882578584 -0.0043647823345833153 -0.023970456694743413 -0.020918245055977319 -0.024136703158079913 -0.0025245146089553725 0.13976770801215466
 0.057621277535773355 0.021466584565407718 -0.051139259833790154 -0.061638411093546966 -0.055673212368746824 -0.055688356971161958 -0.099779955262361733 0.14409222015915646 0.036781970145752643 -0.0033371031327564873 -0.048777068507800225 -0.012583783594575125 -0.027633369842894065 -0.00014144268519947063 0.15642991088674285
 0.035098202968022379 -0.001254768100187406 -0.029756491482167483 -0.037601388191201963 -0.055494077139008176 -0.031601282198424202 -0.08738727095150127 0.12595551856753431 0.020466802091013328 -0.0038922136057222786 -0.018883806775500778 -0.019395300127958804 -0.022122898779754787 -0.0029234399164334395 0.12879241364129057
 0.048445974153427447 0.011506975488207801 -0.039561683974904782 -0.048717931190366763 -0.055159056290012512 -0.045017106700510241 -0.093889529411278608 0.13866898235309372 0.03007306815536423 -0.0039928901772868352 -0.034099424022408634 -0.018109022662566501 -0.02340136773969928 -0.0002735800340231331 0.1335265920529641
 0.046319471872668952 0.020605313939312017 -0.041257765807115633 -0.049328311199197811 -0.03970004671159881 -0.045330883358127461 -0.073912111485410159 0.10707359392731776 0.029985213117306821 -0.0022194441940376394 -0.041510471495378787 -0.0076208191879944456 -0.020817523864523027 0.00069602980900790778 0.11701775463777031
 0.042619476507706394 0.0049298030073224013 -0.03668907192006636 -0.045533336302350999 -0.057604832789236081 -0.039384131299724297 -0.09402347238890775 0.1357084147024786 0.025731699710351556 -0.003895436210972891 -0.027726513756238181 -0.018324140412512461 -0.024405422283576353 -0.0022282036457419042 0.14082516708146831
 0.058013550851807073 0.022005746695321262 -0.049223952312222929 -0.059477870758341003 -0.054333104507625407 -0.055606797703268915 -0.09805214205245287 0.1443053715260513 0.037070296968959582 -0.0035320923451305172 -0.047681951780609619 -0.014263979250987114 -0.025816478358941044 0.00095207628956944811 0.14564132673787078
 0.045098217218863139 0.0025325219558400796 -0.038823640623852684 -0.048512316912476997 -0.065058290639745719 -0.041239324753973072 -0.1046498333653159 0.1505921294189059 0.026898798548345794 -0.0044967593892636529 -0.027637345346966231 -0.021256563231918085 -0.027059809792271163 -0.0030927974047803438 0.15670501431860895
 0.035907384840732512 0.00066613191040025034 -0.029808120247151435 -0.037511040062236836 -0.053396670810562333 -0.032432276643320948 -0.085105023750196879 0.1236937285806816 0.021204290267601372 -0.0038080734832680041 -0.020138602011151144 -0.018923849297670461 -0.021222871131908634 -0.0022245459267457466 0.12309953776479671
 0.050462385902776311 0.025519504880430394 -0.043825452935620166 -0.05212960990170825 -0.037900545645462712 -0.049538315965716999 -0.073751970863651303 0.10858529372108937 0.033085542461996381 -0.0021684742258966175 -0.046493381773697731 -0.0069480763176402302 -0.020394291264088607 0.0019827769294140907 0.11351461499777606
 0.04451849337001286 0.013251307559092099 -0.037755426827675596 -0.046015439904095075 -0.047149500838119071 -0.04201590655155419 -0.082055562809078816 0.12003459928449514 0.028030607631866836 -0.0032316708069291891 -0.034228111612751341 -0.013454451420186397 -0.021425097826911123 -0.00024107563788127636 0.12173723638971512
 0.044846611143987143 0.011770152670986439 -0.036749015340705515 -0.045091306908025021 -0.049353841350449151 -0.041837317159822349 -0.084788711550592769 0.12532524321440525 0.027999368533386915 -0.0035503805173536787 -0.032398119347244271 -0.015826996837207407 -0.021244965248941112 -2.7611646358719203e-05 0.12092689034393427
 0.036386454689447026 0.006557405982835233 -0.03178878386087057 -0.039116032967442017 -0.045468332756232195 -0.033835216478842495 -0.075825916217822101 0.10902650267625139 0.022414062593545919 -0.0031404100980284662 -0.025880444208554704 -0.013216213295195539 -0.020178285665345432 -0.0017292554809125455 0.11579446508716652
 0.04345678153495347 0.019749035658908044 -0.03841132228515784 -0.04589532803800473 -0.036386237496230787 -0.042468681639143045 -0.068261070740790214 0.099259181152475284 0.028214315988126168 -0.0020920499372425777 -0.039061414931914416 -0.0070198309310316506 -0.019106828476673623 0.00084434424007356489 0.10717910590165236
 0.050807290532836551 0.015507071078108864 -0.043705538120811648 -0.053177246688135907 -0.053807503783088025 -0.048373988086849479 -0.093623040708847152 0.13645093231158875 0.031925458924903609 -0.0034423610236721663 -0.039539431338185813 -0.01487226399129315 -0.024762598598035056 -0.00026973475523613387 0.14088295424671676
 0.043178250891786445 0.010477531350879653 -0.03787346506066705 -0.046293592493585195 -0.050302053432006069 -0.040920808872625627 -0.085288154305193445 0.12307745882431556 0.026761879054680592 -0.0031551482295856218 -0.03223350312630488 -0.014074556991155162 -0.022821519940410862 -0.0011558569145728478 0.1306235392444445
 0.040027153976113269 0.0058529722555544627 -0.035531137596064175 -0.043817578246467849 -0.05247604407019886 -0.037211764076547492 -0.086509515161856218 0.12360725557590795 0.0244480275388077 -0.0035311378071360804 -0.02790530368103818 -0.015146199510792081 -0.023258067162676803 -0.00243613102614174 0.13388746899253609
 1 0 0 0 0 0 0 0 0 0 0 0 0 0 0
 0 1 0 0 0 0 0 0 0 0 0 0 0 0 0
 0 0 1 0 0 0 0 0 0 0 0 0 0 0 0
 0 0 0 1 0 0 0 0 0 0 0 0 0 0 0
 0 0 0 0 1 0 0 0 0 0 0 0 0 0 0
 0 0 0 0 0 1 0 0 0 0 0 0 0 0 0
 0 0 0 0 0 0 1 0 0 0 0 0 0 0 0
 0 0 0 0 0 0 0 1 0 0 0 0 0 0 0
 0 0 0 0 0 0 0 0 1 0 0 0 0 0 0
 0 0 0 0 0 0 0 0 0 1 0 0 0 0 0
 0 0 0 0 0 0 0 0 0 0 1 0 0 0 0
 0 0 0 0 0 0 0 0 0 0 0 1 0 0 0
 0 0 0 0 0 0 0 0 0 0 0 0 1 0 0
 0 0 0 0 0 0 0 0 0 0 0 0 0 1 0


 28 14


 0.027700192188310935 -0.010165087427864761 -0.023711860025377417 -0.030950874380293033 -0.057894431161780689 -0.023501284607492665 -0.086572251378096723 0.12321038950272066 0.015031226676544685 -0.0042814883785765546 -0.0090344010564669709 -0.02160029021064664 -0.021764197599262434 -0.0047858392036107377
 0.057061780549434234 0.018984325519195135 -0.050326029846722291 -0.060915306365326299 -0.058105762832902745 -0.05444662871682128 -0.10259054849555968 0.14800019961040572 0.036288394187712271 -0.0038011111547110424 -0.046850153880772218 -0.013979614752807687 -0.028144959487009517 -0.00079738454703331496
 0.050966376176794295 0.018366151470097732 -0.042280188981634055 -0.05129270785044613 -0.048937690404128292 -0.048630208190295378 -0.087459171666223454 0.12978638056562009 0.032353357455571281 -0.0032278093272278779 -0.040355906840440596 -0.014229042528817352 -0.02232467727250623 0.0011396473377371854
 0.050447695036320642 0.016833411643648769 -0.042604417511462794 -0.051726634623942641 -0.050739945123203158 -0.048004976858873089 -0.08952161255350026 0.13164486476527509 0.031913353517816337 -0.0033405879631209457 -0.039653004119691325 -0.014323400617955151 -0.02328758584469838 0.00041725786242525749
 0.020354967491528483 -0.0034253737965166124 -0.017651479356507814 -0.022541267732856043 -0.036380394707307945 -0.01789592638024003 -0.055995720888412169 0.079802437054764544 0.011589157773617397 -0.0026332891153603038 -0.009562914027130047 -0.012713797779072665 -0.014364973213463675 -0.0026360090789782149
 0.043304647026750444 0.0068172293533977583 -0.037821488149205079 -0.046665384037421091 -0.05564522136803788 -0.04012671128538485 -0.092159261237660703 0.13238129364286449 0.026541704630844976 -0.0038632899681835323 -0.030145606142007429 -0.016451710039881471 -0.024460418244087349 -0.0023077945618450234
 0.053902720702659626 0.011448471419252882 -0.045983122595337766 -0.05656012037161557 -0.064499451614267636 -0.050394772313748351 -0.10856042832411333 0.15775807110487169 0.033266621709695667 -0.0043846753838108201 -0.038431113306264274 -0.019580786991679172 -0.028226409998988296 -0.0014567884918183028
 0.055877378187870974 0.018959034548130888 -0.049429713734485375 -0.059791193480772137 -0.056638294712623785 -0.053586360967809429 -0.10008039568109606 0.14438326020023637 0.035485593628892531 -0.003550710952636882 -0.046044450912131184 -0.013543810362686641 -0.027506046857387827 -0.00061121112797342413
 0.023669052549131358 -0.0061405049747923317 -0.02078614479909606 -0.026728156122884782 -0.045674562626823803 -0.020486016330673571 -0.069342252459145048 0.098281988173121768 0.01323066698498811 -0.0033396287598615486 -0.0099021891796156909 -0.016059084587859693 -0.017873542528842146 -0.0037489854897695693
 0.023729001249423617 0.0021666577522067667 -0.019319314089229354 -0.024199912845391226 -0.032450136275893736 -0.021603823461575793 -0.052707401331428712 0.077264904232951973 0.014232386088748498 -0.0023489094716601759 -0.014245130811562819 -0.011542247030792227 -0.012971561585912034 -0.00090991953783530052
 0.029618906705699138 0.0017789175334973037 -0.026564864614514832 -0.033028633722921447 -0.042691090153504377 -0.027050384418873866 -0.068952060608064594 0.097751122221754846 0.017853150383503335 -0.0030238198018022406 -0.01937262998311455 -0.012578106264545971 -0.018609100238205306 -0.0027247137492339849
 0.041312037253000741 0.0015868798072976682 -0.034362295282777927 -0.04315765751081637 -0.060042292351217663 -0.037321481434726231 -0.096284431997410783 0.13984253447425662 0.024573700882578584 -0.0043647823345833153 -0.023970456694743413 -0.020918245055977319 -0.024136703158079913 -0.0025245146089553725
 0.057621277535773355 0.021466584565407718 -0.051139259833790154 -0.061638411093546966 -0.055673212368746824 -0.055688356971161958 -0.099779955262361733 0.14409222015915646 0.036781970145752643 -0.0033371031327564873 -0.048777068507800225 -0.012583783594575125 -0.027633369842894065 -0.00014144268519947063
 0.035098202968022379 -0.001254768100187406 -0.029756491482167483 -0.037601388191201963 -0.055494077139008176 -0.031601282198424202 -0.08738727095150127 0.12595551856753431 0.020466802091013328 -0.0038922136057222786 -0.018883806775500778 -0.019395300127958804 -0.022122898779754787 -0.0029234399164334395
 0.048445974153427447 0.011506975488207801 -0.039561683974904782 -0.048717931190366763 -0.055159056290012512 -0.045017106700510241 -0.093889529411278608 0.13866898235309372 0.03007306815536423 -0.0039928901772868352 -0.034099424022408634 -0.018109022662566501 -0.02340136773969928 -0.0002735800340231331
 0.046319471872668952 0.020605313939312017 -0.041257765807115633 -0.049328311199197811 -0.03970004671159881 -0.045330883358127461 -0.073912111485410159 0.10707359392731776 0.029985213117306821 -0.0022194441940376394 -0.041510471495378787 -0.0076208191879944456 -0.020817523864523027 0.00069602980900790778
 0.042619476507706394 0.0049298030073224013 -0.03668907192006636 -0.045533336302350999 -0.057604832789236081 -0.039384131299724297 -0.09402347238890775 0.1357084147024786 0.025731699710351556 -0.003895436210972891 -0.027726513756238181 -0.018324140412512461 -0.024405422283576353 -0.0022282036457419042
 0.058013550851807073 0.022005746695321262 -0.049223952312222929 -0.059477870758341003 -0.054333104507625407 -0.055606797703268915 -0.09805214205245287 0.1443053715260513 0.037070296968959582 -0.0035320923451305172 -0.047681951780609619 -0.014263979250987114 -0.025816478358941044 0.00095207628956944811
 0.045098217218863139 0.0025325219558400796 -0.038823640623852684 -0.048512316912476997 -0.065058290639745719 -0.041239324753973072 -0.1046498333653159 0.1505921294189059 0.026898798548345794 -0.0044967593892636529 -0.027637345346966231 -0.021256563231918085 -0.027059809792271163 -0.0030927974047803438
 0.035907384840732512 0.00066613191040025034 -0.029808120247151435 -0.037511040062236836 -0.053396670810562333 -0.032432276643320948 -0.085105023750196879 0.1236937285806816 0.021204290267601372 -0.0038080734832680041 -0.020138602011151144 -0.018923849297670461 -0.021222871131908634 -0.0022245459267457466
 0.050462385902776311 0.025519504880430394 -0.043825452935620166 -0.05212960990170825 -0.037900545645462712 -0.049538315965716999 -0.073751970863651303 0.10858529372108937 0.033085542461996381 -0.0021684742258966175 -0.046493381773697731 -0.0069480763176402302 -0.020394291264088607 0.0019827769294140907
 0.04451849337001286 0.013251307559092099 -0.037755426827675596 -0.046015439904095075 -0.047149500838119071 -0.04201590655155419 -0.082055562809078816 0.12003459928449514 0.028030607631866836 -0.0032316708069291891 -0.034228111612751341 -0.013454451420186397 -0.021425097826911123 -0.00024107563788127636
 0.044846611143987143 0.011770152670986439 -0.036749015340705515 -0.045091306908025021 -0.049353841350449151 -0.041837317159822349 -0.084788711550592769 0.12532524321440525 0.027999368533386915 -0.0035503805173536787 -0.032398119347244271 -0.015826996837207407 -0.021244965248941112 -2.7611646358719203e-05
 0.036386454689447026 0.006557405982835233 -0.03178878386087057 -0.039116032967442017 -0.045468332756232195 -0.033835216478842495 -0.075825916217822101 0.10902650267625139 0.022414062593545919 -0.0031404100980284662 -0.025880444208554704 -0.013216213295195539 -0.020178285665345432 -0.0017292554809125455
 0.04345678153495347 0.019749035658908044 -0.03841132228515784 -0.04589532803800473 -0.036386237496230787 -0.042468681639143045 -0.068261070740790214 0.099259181152475284 0.028214315988126168 -0.0020920499372425777 -0.039061414931914416 -0.0070198309310316506 -0.019106828476673623 0.00084434424007356489
 0.050807290532836551 0.015507071078108864 -0.043705538120811648 -0.053177246688135907 -0.053807503783088025 -0.048373988086849479 -0.093623040708847152 0.13645093231158875 0.031925458924903609 -0.0034423610236721663 -0.039539431338185813 -0.01487226399129315 -0.024762598598035056 -0.00026973475523613387
 0.043178250891786445 0.010477531350879653 -0.03787346506066705 -0.046293592493585195 -0.050302053432006069 -0.040920808872625627 -0.085288154305193445 0.12307745882431556 0.026761879054680592 -0.0031551482295856218 -0.03223350312630488 -0.014074556991155162 -0.022821519940410862 -0.0011558569145728478
 0.040027153976113269 0.0058529722555544627 -0.035531137596064175 -0.043817578246467849 -0.05247604407019886 -0.037211764076547492 -0.086509515161856218 0.12360725557590795 0.0244480275388077 -0.0035311378071360804 -0.02790530368103818 -0.015146199510792081 -0.023258067162676803 -0.00243613102614174


28


 -0.12832019706189235
 -0.15962280021291872
 -0.12612549005589876
 -0.13194558239096166
 -0.084054583755935094
 -0.14060201037985673
 -0.16170178445516364
 -0.15607692222447195
 -0.10489936015212299
 -0.074905407117950532
 -0.10759330671032653
 -0.13976770801215466
 -0.15642991088674285
 -0.12879241364129057
 -0.1335265920529641
 -0.11701775463777031
 -0.14082516708146831
 -0.14564132673787078
 -0.15670501431860895
 -0.12309953776479671
 -0.11351461499777606
 -0.12173723638971512
 -0.12092689034393427
 -0.11579446508716652
 -0.10717910590165236
 -0.14088295424671676
 -0.1306235392444445
 -0.13388746899253609


